15092247
15649106
16539285
17367574
18091552
19262285
19693388
20428428
20485359
23329967
23694000
24426285
26801613
27015816
27893087
29959597
30317883
30538816
30680259
30970504
31192196
31523079
31926600
32204335
32433179
3304686
33889600
34029537
34053194
34095161
34101897
34231263
34274681
34286192
34300690
34327451
34329479
34330440
34331204
34332721
34333424
34334293
34335973
34336657
34337101
34337236
34337516
34339195
34342555
34346420
34348958
34349302
34350434
34351425
34351819
34352438
34352544
34354432
34360413
34361845
34362656
34362790
34364594
34364644
34370392
34371652
34372200
34373297
34373344
34373972
34374087
34375261
34377668
34377806
34380791
34381489
34381866
34384287
34384306
34384936
34386605
34387492
34388023
34389607
34395031
34396459
34397045
34400634
34403991
34411820
34412020
34414259
34414408
34422242
34422455
34431473
34432457
34437723
34441206
34442871
34443414
34448966
34449751
34450862
34452075
34452447
34453741
34454123
34460991
34461152
34462886
34463813
34464244
34465195
34465333
34466038
34468789
34471700
34485602
34489928
34502284
34509064
34513511
34514839
34518181
34518704
34520638
34522725
34525048
34533443
34533938
34536150
34537466
34539113
34539939
34540633
34551120
34556309
34558334
34560132
34560838
34564760
34567297
34568812
5713163